8.549039045969644590e+00
6.046758174896240234e+00
5.359148820241292022e+00
4.947840213775634766e+00
4.694322903951008819e+00
4.382047017415364287e+00
4.117114702860514619e+00
3.986449400583902847e+00
3.759421030680338394e+00
3.626367727915445816e+00
3.423341194788614761e+00
3.345901091893514145e+00
3.194935878117879380e+00
3.053647041320800781e+00
2.953517913818359375e+00
2.822545289993286133e+00
2.675924936930338394e+00
2.515461762746175278e+00
2.455165942509969224e+00
2.396284262339273941e+00
2.254230578740437974e+00
2.153316020965576172e+00
2.136387109756469727e+00
2.134683926900228013e+00
1.979464570681254143e+00
1.806366642316182380e+00
1.744285742441813225e+00
1.730858246485392327e+00
1.593147675196329827e+00
1.554791291554768806e+00
1.490758736928303962e+00
1.466320355733235603e+00
1.398416956265767341e+00
1.316176851590474373e+00
1.276112794876098633e+00
1.305940389633178711e+00
1.215409715970357185e+00
1.260728518168131584e+00
1.096497615178426033e+00
1.190954526265462166e+00
1.131674607594807869e+00
1.285261750221252441e+00
1.050071875254313225e+00
1.089823881785074944e+00
9.928530851999918250e-01
1.015673081080118889e+00
1.016312241554260254e+00
1.093279282251993889e+00
1.086407105127970452e+00
9.235597252845764160e-01
9.203419089317321777e-01
9.148272077242532996e-01
9.571740825970967981e-01
9.975892702738443640e-01
9.415690302848815918e-01
8.642186323801676062e-01
8.944041728973388672e-01
9.004957675933837891e-01
8.594511349995931360e-01
8.157551685969034461e-01
8.174121578534444543e-01
8.447588086128234863e-01
8.214504321416219446e-01
8.230433464050292969e-01
7.413040002187093469e-01
7.932143608729044226e-01
7.698916594187418250e-01
7.497556010882059363e-01
7.976345221201578406e-01
7.708462476730346680e-01
7.155721783638000488e-01
7.316627105077108117e-01
7.658251126607259485e-01
7.207268675168355676e-01
7.650654713312784461e-01
5.944301088651021692e-01
7.660145560900369910e-01
7.864886323610941199e-01
6.862446864446004602e-01
6.963401039441426965e-01
6.561812361081441614e-01
6.603668928146362305e-01
6.726671258608499793e-01
6.475513776143392297e-01
6.548085808753967285e-01
5.886889894803365442e-01
7.583894332249959680e-01
7.739566365877786902e-01
5.784798264503479004e-01
6.320962508519490930e-01
6.123142043749491004e-01
6.400038997332254675e-01
6.628249883651733398e-01
6.620565056800842285e-01
5.431839823722839355e-01
5.767807165781656531e-01
6.154040892918904992e-01
4.827702244122822894e-01
6.483337084452310828e-01
5.846382180849710730e-01
5.706798434257507324e-01
5.419769485791524621e-01
7.057028214136759070e-01
5.776797334353128699e-01
5.345312952995300293e-01
5.566393931706746789e-01
5.323019723097482947e-01
4.625880221525828229e-01
5.066139101982116699e-01
5.243551532427469519e-01
5.723315080006917688e-01
5.064899623394012451e-01
4.625313580036163330e-01
4.939333498477935791e-01
5.384772419929504395e-01
4.850811064243316650e-01
5.039505561192830774e-01
4.850654502709706439e-01
4.590632120768229352e-01
4.301229019959767474e-01
5.999897122383117676e-01
4.314165115356445312e-01
4.231771926085154401e-01
4.934178988138834820e-01
4.894355336825053082e-01
5.267367660999298096e-01
3.812920649846394672e-01
5.262909134229024621e-01
4.182168145974476947e-01
4.083113968372344971e-01
4.692625204722086774e-01
4.781923095385233746e-01
4.914152820905049457e-01
5.079109966754913330e-01
4.391047159830729352e-01
5.029653708140054968e-01
4.681060016155242920e-01
5.265324513117471961e-01
4.394589066505432129e-01
4.688436686992645264e-01
5.092689990997314453e-01
4.270724455515543805e-01
4.437364935874938965e-01
5.027576883633931848e-01
4.262370765209197998e-01
4.097427924474080219e-01
4.258868296941121234e-01
3.945450186729431152e-01
4.363659719626108990e-01
4.204257527987162457e-01
4.604941109816233502e-01
4.114583432674407959e-01
4.235508342583974017e-01
3.418222119410832538e-01
3.528874019781748639e-01
4.441391726334889545e-01
4.182308713595072613e-01
3.354547222455342426e-01
4.372336268424987793e-01
3.845079243183135986e-01
3.669211268424987793e-01
3.670114278793334961e-01
3.295329213142395020e-01
4.519859850406646729e-01
4.206357498963673724e-01
3.640585243701934814e-01
3.345358073711395264e-01
4.508824348449707031e-01
4.330209195613861084e-01
3.459965686003367291e-01
4.563685158888499127e-01
3.233573536078135358e-01
4.122673173745473041e-01
3.857970138390858783e-01
3.239055871963500977e-01
3.741710186004638672e-01
3.712570369243621826e-01
3.395394086837768555e-01
4.348492026329040527e-01
3.527110119660695209e-01
3.482175966103871478e-01
3.352009852727254047e-01
3.172571609417597638e-01
3.759004374345143451e-01
3.539989789326985492e-01
3.294278581937153949e-01
3.420101900895436420e-01
3.453580637772877826e-01
3.707553644975026264e-01
2.838269025087356567e-01
3.311652839183807373e-01
3.361799617608388080e-01
3.656618893146514893e-01
3.213372627894083844e-01
3.012334754069646015e-01
3.208236495653788434e-01
3.238244950771331787e-01
3.184572507937749042e-01
3.546685477097828998e-01
3.214570879936218262e-01
3.508659799893696918e-01
2.615481515725453510e-01
2.428928414980570383e-01
3.176035235325495587e-01
2.942619572083155499e-01
2.998560766379038678e-01
2.916307648022969379e-01
2.267757654190063477e-01
3.648940324783325195e-01
3.696233431498209820e-01
2.538777887821197510e-01
2.826072921355565204e-01
3.150830070177714215e-01
3.169805804888407574e-01
2.636056294043858661e-01
2.909680008888244629e-01
2.397825419902801514e-01
3.171622852484385358e-01
2.852597236633300781e-01
2.733376423517863141e-01
3.562172949314117432e-01
3.026697734991709576e-01
3.202869991461436139e-01
2.900824795166651593e-01
3.365605374177296771e-01
2.850534220536549701e-01
2.020710855722427368e-01
3.150405585765838623e-01
2.867283920447031842e-01
3.477466305096943988e-01
2.792214353879292621e-01
3.075772623221079694e-01
3.006977488597233905e-01
3.026845951875050678e-01
2.389321327209472656e-01
3.260082900524139404e-01
2.848840604225794659e-01
2.744374374548594342e-01
2.735443413257598877e-01
2.418302694956461496e-01
2.736105223496754779e-01
2.621907989184061871e-01
2.523776342471440448e-01
3.159851928551991596e-01
2.412560234467188425e-01
2.572848300139109479e-01
2.209374854962030954e-01
2.605099280675252094e-01
2.637353142102559223e-01
2.898397545019785748e-01
3.061151703198750629e-01
2.338540951410929269e-01
2.354616920153299875e-01
2.201467752456665039e-01
2.759430507818858014e-01
3.270660837491353168e-01
2.469870299100875854e-01
2.515551497538884296e-01
2.134640316168467111e-01
3.341543873151143207e-01
2.406732241312662668e-01
3.380172749360402240e-01
2.635298172632853375e-01
2.980722784996032715e-01
2.917380680640538348e-01
2.276073098182678223e-01
2.774768322706222534e-01
2.368384301662445068e-01
2.327913194894790649e-01
2.644110918045043945e-01
2.086373468240102225e-01
2.303348183631896973e-01
2.644455581903457642e-01
2.780828177928924561e-01
2.162936031818389893e-01
2.127712642153104239e-01
1.887485732634862357e-01
2.494673728942871094e-01
2.459882994492848807e-01
2.565148671468098773e-01
2.248225683967272348e-01
2.523316144943237305e-01
2.201410531997680664e-01
2.283388127883275442e-01
2.423830529054006033e-01
2.738363792498906268e-01
3.066996534665425433e-01
2.155555138985315866e-01
3.270157277584075928e-01
2.407782624165216989e-01
1.632664302984873361e-01
2.945453822612762451e-01
1.793372134367624826e-01
2.249967157840728760e-01
2.448104123274485178e-01
2.670189241568247662e-01
2.155781288941701346e-01
1.614929611484209604e-01
2.656114995479583740e-01
2.180937429269154959e-01
