1.300939285561546033e+00
1.040492864606551882e+00
9.935518032990032777e-01
9.718109034606863261e-01
9.521479798856854471e-01
9.292471013323613249e-01
9.089467436974120185e-01
8.870441039587670939e-01
8.654309888726874345e-01
8.441896926775885879e-01
8.247874705531480499e-01
8.036864524374428553e-01
7.848845796352749149e-01
7.683573179897742467e-01
7.510199602131500951e-01
7.396990464624285666e-01
7.280561045814832877e-01
7.193143695523733783e-01
7.104808646675605521e-01
7.030522430579236870e-01
6.977518705646842401e-01
6.916227633881181225e-01
6.867532042782157342e-01
6.827564957246979871e-01
6.783840313311796377e-01
6.755908965511278064e-01
6.733806177524291892e-01
6.693058652833553390e-01
6.677130827217809816e-01
6.643275698763588810e-01
6.628503096905772329e-01
6.612471918772102608e-01
6.596247539995994114e-01
6.571876325076251302e-01
6.551184460624465133e-01
6.546508909101552698e-01
6.528013832607844069e-01
6.529731787827618428e-01
6.513412434374373783e-01
6.507670934681549779e-01
6.501440913384032294e-01
6.492607993205572470e-01
6.476983747460173246e-01
6.476214817117925682e-01
6.462664600038195983e-01
6.441562167453102061e-01
6.436321261034211316e-01
6.435197839327588820e-01
6.427943436839463898e-01
6.418273885952624491e-01
6.414395685538891723e-01
6.406661615017671396e-01
6.401537551680739346e-01
6.402619745227964287e-01
6.388655362992164966e-01
6.390151490744747642e-01
6.381976542229441662e-01
6.374629424785516196e-01
6.371302448403254326e-01
6.366244402396430413e-01
6.361883903600776824e-01
6.360951515472128559e-01
6.353803732002417659e-01
6.353511199043964108e-01
6.358262666970007082e-01
6.347687868120498456e-01
6.345448818948041803e-01
6.345290455906684723e-01
6.338289359329470907e-01
6.331074926526806257e-01
6.331343208277585566e-01
6.335077779475608573e-01
6.337382444926038527e-01
6.330938904855201166e-01
6.317408380818201330e-01
6.313775093262267157e-01
6.313357523311872166e-01
6.302740699730450258e-01
6.302420126313122983e-01
6.300523214716369225e-01
6.294691541908511434e-01
6.298361258827616105e-01
6.292057163200909242e-01
6.287402960097983051e-01
6.284274403567656764e-01
6.281125509545311125e-01
6.278395821489479722e-01
6.273743790982770907e-01
6.280853556093096701e-01
6.279062693744137391e-01
6.280084425224782274e-01
6.273810003307191963e-01
6.280955749708648783e-01
6.277746263623513734e-01
6.268515915992365350e-01
6.267201745593077300e-01
6.266391210932189537e-01
6.268086044804955792e-01
6.261438842162732055e-01
6.257218959160028016e-01
6.260309368717698053e-01
6.257786503247484422e-01
6.254812942303527024e-01
6.259964598027293325e-01
6.246841858268613601e-01
6.249687238801659994e-01
6.256266248751682912e-01
6.249414741854656397e-01
6.250535051949892562e-01
6.245304993299762852e-01
6.238505755942271858e-01
6.233064056549161291e-01
6.237242593842703409e-01
6.235817940495130829e-01
6.238914058822490061e-01
6.230699765709879490e-01
6.236332437831675346e-01
6.232436570379961127e-01
6.220955660614225780e-01
6.222220743615223260e-01
6.216432692833123719e-01
6.214260366289355852e-01
6.215444409100472356e-01
6.211956497411440514e-01
6.215506847386017553e-01
6.220546505843956853e-01
6.216056669117956401e-01
6.223068011885729556e-01
6.222138948340980580e-01
6.220215940696733892e-01
6.211829611430864651e-01
6.214384630218735550e-01
6.212516045349103511e-01
6.211090690851764906e-01
6.205398084254386548e-01
6.206642129305067757e-01
6.203261897348195664e-01
6.204323830847950916e-01
6.202116739998837502e-01
6.200761926423092874e-01
6.198430061340332031e-01
6.201071585690615118e-01
6.198600064574151247e-01
6.199414244660644835e-01
6.197063075140845090e-01
6.199493404054309265e-01
6.200997241688438466e-01
6.204187460675870680e-01
6.201036053854461771e-01
6.191255661838293012e-01
6.195366029949586073e-01
6.196208280919599520e-01
6.190150619382924768e-01
6.189309918686851653e-01
6.185968222308324549e-01
6.186678350110065283e-01
6.182601440810272519e-01
6.180729878474278127e-01
6.187830286623430265e-01
6.180319790220593079e-01
6.185547827014790112e-01
6.185571262288812600e-01
6.176291016857474725e-01
6.184781937754071368e-01
6.179428230582146853e-01
6.174563263519180500e-01
6.181328269002609455e-01
6.178450305058065251e-01
6.175757694963512900e-01
6.176666859407712318e-01
6.182328441856631551e-01
6.182501949456341572e-01
6.189966496348104918e-01
6.188986844916908314e-01
6.183265294110414922e-01
6.187472844068522271e-01
6.186176307516695339e-01
6.180237320072412555e-01
6.181060839141880869e-01
6.178687599308252398e-01
6.174953458204069934e-01
6.175464536916905889e-01
6.168005259020422626e-01
6.163968618120782006e-01
6.171152843400109500e-01
6.178586863309767363e-01
6.171394097002919077e-01
6.172667654650393354e-01
6.170472735042085155e-01
6.170995431820367472e-01
6.168358198727920128e-01
6.164701867269529734e-01
6.173003517834603215e-01
6.170391115401018256e-01
6.166952528975678804e-01
6.164085743322172961e-01
6.159958620912238114e-01
6.160495187179672039e-01
6.163692016612626334e-01
6.157766688450859727e-01
