6.560908794403076172e+00
5.195513010025024414e+00
4.646198829015095733e+00
4.288966894149780273e+00
4.209817965825398467e+00
4.077939430872599580e+00
3.918833414713541519e+00
3.770019650459289551e+00
3.638760407765706528e+00
3.542327364285787095e+00
3.344525098800659180e+00
3.305478771527608384e+00
3.158596356709798325e+00
3.182362198829650879e+00
2.922163287798563491e+00
2.784060637156168472e+00
2.786232193311055649e+00
2.615978240966796875e+00
2.498380422592163086e+00
2.566832462946573745e+00
2.490287303924560547e+00
2.416174610455831040e+00
2.206800321737925064e+00
2.193770170211791992e+00
2.192208886146545410e+00
2.002253333727518569e+00
1.938539127508799309e+00
1.944863259792327881e+00
1.789294918378194099e+00
1.831199645996093750e+00
1.742482542991638184e+00
1.701529741287231445e+00
1.573699235916137695e+00
1.573367655277252197e+00
1.454384664694468254e+00
1.493024508158365959e+00
1.413787702719370598e+00
1.295407950878143311e+00
1.351419210433959961e+00
1.254673461119333977e+00
1.202253142992655510e+00
1.217361569404602051e+00
1.194496830304463630e+00
1.202177524566650391e+00
1.118783881266911751e+00
1.034788648287455315e+00
1.036493102709452385e+00
1.038371423880259270e+00
9.519868791103363037e-01
8.862970968087514612e-01
9.521923661231994629e-01
8.832700153191884729e-01
9.545699159304300574e-01
7.922196686267852783e-01
8.704684774080911902e-01
8.403317232926686975e-01
8.783795138200124475e-01
8.186847368876138953e-01
7.253376245498657227e-01
6.857295433680216101e-01
7.086767454942067834e-01
7.202766935030618933e-01
6.078821221987406043e-01
7.010107437769571570e-01
7.188694179058074951e-01
6.944346924622853967e-01
6.307196766138076782e-01
5.875392655531564978e-01
5.977012713750203821e-01
6.164981226126352576e-01
6.394094824790954590e-01
5.743360320727030066e-01
5.588136116663614539e-01
5.369101663430532190e-01
6.041215062141418457e-01
5.447156826655069617e-01
5.713693896929422644e-01
5.628781865040460852e-01
4.890364458163579120e-01
5.320383856693903235e-01
4.934158126513163434e-01
5.392454514900842932e-01
5.284457504749298096e-01
4.832770923773447858e-01
5.201054463783899573e-01
4.632051785786946430e-01
5.102328409751256677e-01
4.377405097087224140e-01
4.394779652357101440e-01
4.626483420530955182e-01
4.682516803344090595e-01
4.720595777034759521e-01
4.713529447714487897e-01
4.052369942267735614e-01
4.300079594055811749e-01
4.467051525910695209e-01
4.677623957395553589e-01
4.030583202838897705e-01
4.711380799611409320e-01
3.784745732943217145e-01
3.646072000265121460e-01
4.301114877065022601e-01
4.040940155585606708e-01
4.042578190565109253e-01
4.081494758526484357e-01
4.418245007594426288e-01
4.120790908734003888e-01
3.884465545415878296e-01
3.684617777665455951e-01
4.146762539943059100e-01
3.741619040568669452e-01
4.148010859886805402e-01
4.189087500174840106e-01
3.897779509425163269e-01
3.624762892723083496e-01
4.447816411654154645e-01
3.862005223830540790e-01
3.720022638638814105e-01
4.134769489367802753e-01
3.817489792903264179e-01
3.693240880966186523e-01
3.761637757221857892e-01
4.175620973110198975e-01
3.677177578210830688e-01
3.556815137465794696e-01
3.959447493155797138e-01
3.560343086719512939e-01
3.438186248143513812e-01
3.455475419759750366e-01
3.206247140963872089e-01
3.037683020035426007e-01
4.284599771102269306e-01
3.678136865297953473e-01
3.263406480352084027e-01
3.346962332725524902e-01
3.662587404251098633e-01
3.948632478713989258e-01
3.465353349844614850e-01
3.274169415235519409e-01
3.566360622644424438e-01
2.969204808274905072e-01
3.432985842227935791e-01
3.115283995866775513e-01
3.055821955204010010e-01
2.745088984568913593e-01
3.150222823023796082e-01
3.269564310709635602e-01
3.658769677082697735e-01
3.134866505861282349e-01
2.111147691806157523e-01
2.693952769041061401e-01
2.829506844282150269e-01
2.846500736971696033e-01
2.451864729324976511e-01
2.760847633083661212e-01
2.932192211349805011e-01
2.710241476694743024e-01
2.416656638185183115e-01
2.528320116301377429e-01
2.843228628238042011e-01
2.717885002493858337e-01
3.120508243640263690e-01
3.183460707465807782e-01
2.596954802672068463e-01
2.779098153114318848e-01
2.509246021509170532e-01
3.072261611620585309e-01
2.151278232534726553e-01
3.115994582573572980e-01
2.540487498044967651e-01
2.206290115912755423e-01
2.424804493784904480e-01
2.505321924885113849e-01
2.340471471349398203e-01
2.999996468424797058e-01
2.228206271926561899e-01
2.200116726259390421e-01
3.467454041043917523e-01
2.610698888699213849e-01
2.493916700283686227e-01
2.291492198904355460e-01
2.548020730415980206e-01
2.886165877183278217e-01
2.697622030973434448e-01
2.461806039015451975e-01
2.569931397835413800e-01
2.203814784685770578e-01
2.358588526646296091e-01
2.497964998086293631e-01
2.369205305973688669e-01
2.487796371181806021e-01
2.417463660240173340e-01
2.255900129675865173e-01
2.098695486783981323e-01
2.352652822931607657e-01
2.103355924288431711e-01
2.420110379656155997e-01
2.406235809127489633e-01
2.429774974783261710e-01
2.345715028544267111e-01
2.364569231867790222e-01
2.217599997917810983e-01
2.116824736197789603e-01
1.970204400519529886e-01
2.228422214587529593e-01
2.293455228209495544e-01
2.153730479379495077e-01
2.226771712303161621e-01
2.099505439400672913e-01
2.541949152946472168e-01
2.178733795881271362e-01
2.741988922158877240e-01
2.511504093805949078e-01
2.293602948387463980e-01
2.071862270434697562e-01
2.155182982484499521e-01
2.267805722852548056e-01
1.950745545327663422e-01
1.531866167982419424e-01
2.221458752950032645e-01
2.401413942376772470e-01
2.085432770351568765e-01
1.922012890378634042e-01
1.893875201543172293e-01
1.914080431063970023e-01
2.287772546211878366e-01
1.745988229910532541e-01
2.316350117325782776e-01
1.847301286955674582e-01
2.096080904205640250e-01
2.142862255374590463e-01
1.873638344307740622e-01
1.791999315222104483e-01
1.900521156688531332e-01
1.310307035843531198e-01
1.651560726265112466e-01
2.148248801628748483e-01
1.695243852833906717e-01
1.964310407638549805e-01
2.036256603896617889e-01
1.620594250659147806e-01
1.676505009333292551e-01
1.769715795914331979e-01
1.767412982881069183e-01
2.096899983783563071e-01
1.473536677658557892e-01
1.695316645006338663e-01
1.688241374989350729e-01
1.680977381765842438e-01
1.829749122262001038e-01
1.746786187092463083e-01
1.721332768599192209e-01
2.132242321968078613e-01
2.145728170871734619e-01
2.269870216647783823e-01
1.918870024383068085e-01
1.217906450231869969e-01
1.540803909301757812e-01
1.735152391095956259e-01
2.208276105423768454e-01
1.910184149940808707e-01
1.359563445051511221e-01
1.371735148131847382e-01
1.939158737659454346e-01
1.434515441457430429e-01
1.745519712567329407e-01
1.565919481217861176e-01
1.660713044305642538e-01
1.557001049319902963e-01
1.661708888908227377e-01
1.578563762207826071e-01
1.744810727735360556e-01
1.331837053100267954e-01
1.782509063680966788e-01
1.379693336784839630e-01
1.272360707322756357e-01
1.763900617758432932e-01
1.622344565888245993e-01
1.863152471681435995e-01
1.556975717345873422e-01
1.318845786154270172e-01
1.463666421671708517e-01
1.446617394685745239e-01
1.549244535466035300e-01
2.031064008673032217e-01
1.716348640620708466e-01
1.742582718531290598e-01
1.352546301980813437e-01
1.548576156298319406e-01
1.698884454866250449e-01
1.336452427009741373e-01
1.920548391838868552e-01
1.964530261854330606e-01
1.371941454708576202e-01
1.885775178670883179e-01
1.581290339430173331e-01
1.590801738202571869e-01
1.384221141537030630e-01
1.425134080151716776e-01
1.603341077764829092e-01
