8.347455342610677675e+00
4.509944597880045869e+00
3.619203249613443862e+00
3.223638375600179184e+00
2.821657180786132812e+00
2.554127852121988784e+00
2.364749590555826675e+00
2.210459550221761216e+00
2.110646406809488784e+00
2.013004223505655776e+00
1.841757575670878166e+00
1.778630415598551506e+00
1.650990446408589607e+00
1.600908239682515388e+00
1.499910672505696541e+00
1.361374417940775627e+00
1.325278798739115471e+00
1.249187390009562248e+00
1.273422797520955330e+00
1.176812251408894783e+00
1.162789543469746834e+00
1.161148111025492424e+00
1.072675108909606934e+00
1.147478381792704338e+00
1.011875887711842781e+00
9.589937329292297363e-01
1.050836384296417236e+00
9.437928795814514160e-01
9.714324275652567175e-01
8.930533329645792273e-01
9.059635003407796594e-01
8.310148318608602258e-01
8.280780514081319543e-01
7.674095630645751953e-01
8.078258633613586426e-01
8.008404374122619629e-01
8.434938589731851843e-01
7.947971423467000696e-01
6.928783257802327844e-01
6.453496217727661133e-01
7.352228562037149695e-01
6.713552077611287805e-01
6.807984908421834680e-01
6.910889744758605957e-01
6.889529029528299597e-01
5.962104399998983117e-01
7.071348230044046668e-01
5.775516331195831299e-01
6.383937398592630652e-01
6.080381671587625769e-01
5.167833765347799035e-01
5.130402445793151855e-01
5.131123562653859826e-01
5.402450362841287879e-01
4.761237502098083496e-01
5.243880550066629675e-01
4.807063738505045758e-01
5.118267536163330078e-01
4.662660857041676654e-01
4.589575628439585553e-01
5.243733922640482215e-01
4.687622686227162494e-01
4.332175552845001221e-01
4.431520601113637103e-01
4.782172739505767822e-01
4.418846368789672852e-01
4.620734751224517822e-01
4.138090809186299457e-01
4.467743337154388428e-01
4.023737510045369281e-01
4.077345132827758789e-01
4.566429257392883301e-01
3.883439898490905762e-01
4.135844707489013672e-01
3.777898748715718402e-01
4.154679775238037109e-01
4.158759613831837787e-01
4.004007776578267230e-01
3.788186013698577881e-01
3.646043539047241211e-01
3.089259465535481586e-01
3.396773735682169781e-01
3.293673992156982422e-01
3.630462884902954102e-01
4.068319102128346576e-01
3.612528741359710693e-01
3.597603340943654193e-01
3.294124801953633441e-01
2.999417583147684918e-01
3.786106904347737445e-01
3.809138437112172260e-01
3.626166383425394879e-01
3.632203439871470319e-01
3.705977996190388812e-01
3.738139967123667584e-01
3.325217763582865582e-01
2.600179960330327167e-01
3.343899349371592389e-01
2.561045587062835693e-01
2.712537646293640137e-01
3.139007439215977802e-01
3.713069955507914410e-01
3.426474034786224365e-01
2.915193438529968262e-01
3.283190131187438965e-01
3.206746578216552734e-01
2.799526850382487164e-01
2.861489156881968365e-01
2.582731892665227069e-01
2.876680940389633179e-01
3.086634278297424316e-01
2.984432677427927838e-01
3.110206921895344867e-01
2.375184694925943918e-01
2.672579586505889893e-01
2.716145565112431659e-01
2.697891145944595337e-01
3.195410321156184064e-01
2.629347642262776508e-01
3.025838087002436505e-01
2.614130129416783466e-01
2.797808150450388776e-01
2.841775814692179547e-01
2.644608964522679462e-01
2.804747124512990131e-01
2.516195972760518207e-01
2.197027107079823904e-01
3.119814644257227765e-01
2.403289477030436105e-01
2.613294621308644428e-01
2.351784879962603159e-01
2.235513081153233939e-01
2.733308821916580200e-01
2.167848944664001465e-01
2.478167514006296701e-01
2.308001965284347534e-01
2.019565602143605643e-01
2.293751736481984549e-01
2.877752085526784076e-01
2.638569772243499756e-01
2.667989929517110004e-01
2.394525756438573294e-01
1.937412222226460867e-01
2.449158281087875366e-01
2.595093250274658203e-01
2.300170312325159616e-01
2.693190475304921283e-01
2.162705808877944946e-01
2.093408803145090646e-01
1.990605990091959543e-01
1.788218468427658081e-01
1.896305332581202097e-01
2.315319230159123831e-01
1.874121626218160086e-01
2.125798339645067758e-01
2.280248453219731741e-01
2.260315815607706613e-01
2.156388262907663889e-01
1.976270874341329031e-01
1.732019086678822928e-01
2.058030342062314444e-01
1.879000514745712280e-01
1.719030489524205618e-01
2.158405880133310861e-01
1.517217904329299927e-01
1.829875558614730835e-01
1.515359630187352591e-01
1.772287165125211172e-01
1.853464792172113962e-01
1.864203313986460275e-01
1.582379341125488281e-01
2.243866473436355591e-01
1.967313190301259451e-01
2.148833672205607004e-01
1.457293083270390921e-01
2.221767008304595947e-01
1.915551647543907166e-01
1.650760198632875986e-01
1.951375231146812439e-01
1.721964403986930847e-01
1.837833325068155832e-01
1.988973220189412527e-01
1.685843740900357657e-01
2.106402367353439331e-01
1.703706781069437570e-01
1.640701691309610910e-01
1.888870721062024527e-01
1.458526030182838440e-01
1.795631746451059885e-01
1.752809310952822275e-01
1.695637851953506470e-01
1.790325219432512827e-01
1.925711209575335092e-01
1.612192342678705759e-01
1.680549780527750559e-01
1.881601115067799979e-01
1.388564705848693848e-01
1.383272930979728699e-01
1.410825525720914297e-01
1.635281989971796579e-01
2.042276163895924979e-01
1.547774150967597961e-01
1.817126547296842032e-01
1.334050570925076895e-01
1.783195088307062692e-01
1.269493053356806345e-01
1.579127212365468436e-01
1.343569358189900809e-01
1.299137944976488657e-01
1.365692516167958670e-01
1.051056534051895142e-01
1.432753652334213257e-01
1.785191843907038278e-01
1.311743929982185364e-01
1.521761914094289236e-01
1.534331639607747488e-01
1.100719893972079005e-01
1.364800135294596262e-01
1.164951349298159328e-01
1.095644806822140965e-01
1.150422741969426427e-01
1.375057374437650137e-01
1.432491764426231384e-01
1.075233692924181667e-01
1.295217871665954590e-01
1.258906424045562744e-01
1.521738693118095398e-01
1.540828421711921692e-01
1.634910056988398142e-01
9.579865882794062759e-02
1.705078383286794119e-01
1.142725124955177307e-01
1.783999601999918527e-01
1.106420730551083836e-01
1.500044092535972595e-01
1.343329449494679861e-01
1.263922875126202994e-01
8.889028926690419052e-02
9.424129376808802749e-02
9.784410148859024048e-02
1.013579244414965358e-01
1.327311024069786072e-01
9.277419249216715957e-02
1.359622801343599863e-01
6.990609566370646621e-02
1.700381288925806589e-01
1.379461760322252817e-01
8.763615290323893692e-02
1.238031362493832860e-01
1.174741114179293361e-01
1.670653844873110361e-01
9.040773908297221328e-02
1.491130515933036804e-01
1.723630179961522513e-01
1.265900010863939829e-01
1.617358227570851736e-01
1.528820718328157968e-01
1.265018011132875986e-01
1.011899113655090332e-01
1.025069629152615819e-01
1.388007998466491699e-01
1.005783230066299438e-01
1.262554774681726999e-01
9.532856692870457505e-02
1.072449932495753017e-01
8.865338812271754410e-02
1.168787454565366063e-01
1.147873351971308437e-01
1.286545246839523315e-01
1.374398370583852225e-01
1.213339070479075160e-01
1.118712599078814235e-01
1.079721053441365514e-01
9.579475720723469589e-02
1.125188892086346898e-01
7.160291572411854599e-02
1.032479951779047694e-01
1.055947045485178676e-01
1.400858908891677856e-01
1.195029243826866150e-01
7.961345712343852188e-02
1.122076883912086487e-01
1.069636891285578456e-01
1.220534617702166286e-01
9.892190496126811172e-02
1.284112110733985901e-01
1.241180102030436244e-01
1.366651356220245361e-01
1.203950395186742101e-01
8.963706592718760635e-02
1.369987254341443472e-01
9.775424997011820938e-02
1.142463460564613342e-01
9.316578010718028213e-02
1.102551619211832729e-01
9.059652189413706924e-02
1.543106511235237122e-01
8.509168277184168960e-02
1.067344595988591466e-01
9.289457152287165786e-02
